Map Data: Europe  Number of Cities: 19

             0           1           2           3           4           5           6           7           8           9          10          11          12          13          14          15          16          17          18
  ------------------------------------------------------------------------------------------------------------------------------------------------------------------------------------------------------------------------------------
 0|          0  2147483647  2147483647         558         164  2147483647  2147483647  2147483647         338  2147483647  2147483647         526  2147483647  2147483647  2147483647  2147483647  2147483647  2147483647  2147483647 
 1| 2147483647           0  2147483647  2147483647  2147483647         263  2147483647  2147483647  2147483647  2147483647  2147483647  2147483647  2147483647  2147483647  2147483647  2147483647         403         501  2147483647 
 2| 2147483647  2147483647           0         628  2147483647  2147483647  2147483647  2147483647         182  2147483647  2147483647  2147483647  2147483647  2147483647         219  2147483647  2147483647  2147483647         345 
 3|        558  2147483647         628           0         497  2147483647  2147483647         304  2147483647  2147483647        1104         311  2147483647  2147483647  2147483647  2147483647         489  2147483647  2147483647 
 4|        164  2147483647  2147483647         497           0  2147483647  2147483647         740  2147483647  2147483647  2147483647  2147483647  2147483647         225  2147483647  2147483647  2147483647  2147483647  2147483647 
 5| 2147483647         263  2147483647  2147483647  2147483647           0  2147483647  2147483647  2147483647  2147483647  2147483647  2147483647  2147483647  2147483647  2147483647  2147483647         384         155         394 
 6| 2147483647  2147483647  2147483647  2147483647  2147483647  2147483647           0  2147483647         180  2147483647  2147483647  2147483647  2147483647  2147483647  2147483647  2147483647  2147483647  2147483647  2147483647 
 7| 2147483647  2147483647  2147483647         304         740  2147483647  2147483647           0  2147483647  2147483647         951  2147483647  2147483647         629  2147483647         328         361  2147483647  2147483647 
 8|        338  2147483647         182  2147483647  2147483647  2147483647         180  2147483647           0  2147483647  2147483647  2147483647  2147483647  2147483647  2147483647  2147483647  2147483647  2147483647  2147483647 
 9| 2147483647  2147483647  2147483647  2147483647  2147483647  2147483647  2147483647  2147483647  2147483647           0         339  2147483647  2147483647  2147483647  2147483647  2147483647  2147483647  2147483647  2147483647 
10| 2147483647  2147483647  2147483647        1104  2147483647  2147483647  2147483647         951  2147483647         339           0  2147483647  2147483647         805  2147483647  2147483647  2147483647  2147483647  2147483647 
11|        526  2147483647  2147483647         311  2147483647  2147483647  2147483647  2147483647  2147483647  2147483647  2147483647           0  2147483647  2147483647         174         582  2147483647         280  2147483647 
12| 2147483647  2147483647  2147483647  2147483647  2147483647  2147483647  2147483647  2147483647  2147483647  2147483647  2147483647  2147483647           0  2147483647  2147483647         134  2147483647  2147483647  2147483647 
13| 2147483647  2147483647  2147483647  2147483647         225  2147483647  2147483647         629  2147483647  2147483647         805  2147483647  2147483647           0  2147483647  2147483647  2147483647  2147483647  2147483647 
14| 2147483647  2147483647         219  2147483647  2147483647  2147483647  2147483647  2147483647  2147483647  2147483647  2147483647         174  2147483647  2147483647           0  2147483647  2147483647         185         479 
15| 2147483647  2147483647  2147483647  2147483647  2147483647  2147483647  2147483647         328  2147483647  2147483647  2147483647         582         134  2147483647  2147483647           0         442  2147483647  2147483647 
16| 2147483647         403  2147483647         489  2147483647         384  2147483647         361  2147483647  2147483647  2147483647  2147483647  2147483647  2147483647  2147483647         442           0         317  2147483647 
17| 2147483647         501  2147483647  2147483647  2147483647         155  2147483647  2147483647  2147483647  2147483647  2147483647         280  2147483647  2147483647         185  2147483647         317           0         464 
18| 2147483647  2147483647         345  2147483647  2147483647         394  2147483647  2147483647  2147483647  2147483647  2147483647  2147483647  2147483647  2147483647         479  2147483647  2147483647         464           0 

Amsterdam 
Belgrade  
Berlin    
Bern      
Brussels  
Budapest  
Copenhagen
Genoa     
Hamburg   
Lisbon    
Madrid    
Munich    
Naples    
Paris     
Prague    
Rome      
Trieste   
Vienna    
Warsaw    

#   #   #   #   #   #   #   #   #   #   #   #
Kalamazoo (-1) TO Berlin (2)
ERROR - one of the cities not on this map
#   #   #   #   #   #   #   #   #   #   #   #
Munich (11) TO London (-1)
ERROR - one of the cities not on this map
#   #   #   #   #   #   #   #   #   #   #   #
Rome (15) TO Rome (15)
DISTANCE: 0
#   #   #   #   #   #   #   #   #   #   #   #
Paris (13) TO Warsaw (18)
DISTANCE: 1254
#   #   #   #   #   #   #   #   #   #   #   #
Warsaw (18) TO Paris (13)
DISTANCE: 1254
#   #   #   #   #   #   #   #   #   #   #   #
Brussels (4) TO Belgrade (1)
DISTANCE: 1388
#   #   #   #   #   #   #   #   #   #   #   #
Belgrade (1) TO Brussels (4)
DISTANCE: 1388
#   #   #   #   #   #   #   #   #   #   #   #
Belgrade (1) TO Prague (14)
DISTANCE: 603
#   #   #   #   #   #   #   #   #   #   #   #
Brussels (4) TO Budapest (5)
DISTANCE: 1125
#   #   #   #   #   #   #   #   #   #   #   #
Amsterdam (0) TO Brussels (4)
DISTANCE: 164
#   #   #   #   #   #   #   #   #   #   #   #
Amsterdam (0) TO Bern (3)
DISTANCE: 558
#   #   #   #   #   #   #   #   #   #   #   #
Rome (15) TO Berlin (2)
DISTANCE: 975
#   #   #   #   #   #   #   #   #   #   #   #
Naples (12) TO Warsaw (18)
DISTANCE: 1354
#   #   #   #   #   #   #   #   #   #   #   #
Warsaw (18) TO Naples (12)
DISTANCE: 1354
#   #   #   #   #   #   #   #   #   #   #   #
Paris (13) TO Warsaw (18)
DISTANCE: 1254
#   #   #   #   #   #   #   #   #   #   #   #
Vienna (17) TO Belgrade (1)
DISTANCE: 418
#   #   #   #   #   #   #   #   #   #   #   #
Lisbon (9) TO Warsaw (18)
DISTANCE: 2398
#   #   #   #   #   #   #   #   #   #   #   #
Paris (13) TO Vienna (17)
DISTANCE: 1195
#   #   #   #   #   #   #   #   #   #   #   #
Naples (12) TO Rome (15)
DISTANCE: 134
